100
0 83
0 60
0 37
0 73
0 27
0 17
0 82
0 95
0 85
0 62
0 39
0 6
0 42
0 19
0 9
0 84
0 97
0 74
0 51
0 87
0 64
0 41
0 18
0 54
0 31
0 8
0 21
0 96
0 66
0 20
0 10
0 88
0 78
0 45
0 35
0 77
0 67
0 44
0 80
0 24
0 89
0 56
0 69
0 36
0 71
0 48
0 61
0 28
1 90
1 67
1 34
1 47
1 79
1 92
1 69
1 36
1 49
1 8
1 44
1 86
1 76
1 53
1 89
1 56
1 10
1 46
1 88
1 22
1 2
2 76
2 66
2 55
2 32
2 22
2 12
2 57
2 34
2 24
2 82
2 59
2 49
2 26
2 3
2 81
2 48
2 61
2 38
2 70
2 73
3 70
3 83
3 60
3 73
3 7
3 95
3 62
3 39
3 52
3 42
3 9
3 54
3 11
3 86
3 33
3 23
3 98
3 78
3 68
3 22
3 35
3 77
3 90
3 80
3 47
3 79
3 92
3 46
3 59
3 36
3 13
3 49
3 91
3 81
3 94
3 71
3 48
3 61
4 86
4 63
4 76
4 53
4 43
4 20
4 33
4 10
4 75
4 88
4 78
4 14
4 79
6 40
6 20
6 75
6 65
6 42
6 70
6 24
6 14
6 36
6 49
6 26
6 39
6 94
7 21
7 11
7 96
7 86
7 63
7 76
7 43
7 20
7 56
7 23
7 78
7 68
7 22
7 35
7 77
7 44
7 80
7 37
7 89
7 82
7 59
7 13
7 49
7 58
7 71
7 25
7 38
8 36
8 49
8 16
8 58
8 94
8 48
8 61
8 15
8 28
8 70
8 73
8 17
8 30
8 39
8 75
8 52
8 42
9 34
9 47
9 89
9 56
9 69
9 46
9 36
9 16
9 68
9 71
9 15
9 70
9 37
9 62
9 39
9 19
9 84
9 54
9 31
9 53
11 91
11 81
11 71
11 48
11 93
11 60
11 17
11 82
11 72
11 39
11 75
11 52
11 74
11 87
11 64
11 41
11 31
11 21
11 86
11 53
11 66
11 43
11 23
11 78
13 81
13 58
15 79
15 92
15 69
15 46
15 82
15 49
15 16
15 81
15 94
15 28
15 83
15 60
15 73
15 40
15 29
15 42
15 74
15 87
15 41
15 21
15 86
15 76
15 43
15 33
15 23
15 88
19 68
19 45
19 22
19 25
19 57
19 70
19 47
19 37
19 79
19 69
19 46
19 82
19 59
19 49
19 81
19 58
19 48
19 61
20 94
20 71
20 93
20 63
20 95
20 85
20 29
20 42
20 41
20 54
20 21
20 86
20 53
20 89
20 65
22 30
22 75
22 52
22 65
22 97
22 64
22 77
22 89
22 56
22 46
22 78
22 91
22 68
22 58
22 25
22 90
22 24
22 92
22 82
22 36
22 72
22 39
22 81
22 61
23 86
23 76
23 66
23 78
23 32
23 68
23 57
23 34
26 32
26 64
26 54
26 44
27 74
27 64
27 31
27 43
27 56
27 33
27 68
27 58
27 35
27 90
27 70
27 47
27 37
27 92
27 69
27 49
27 39
27 71
27 63
27 62
27 98
27 52
27 29
27 65
28 34
28 47
28 46
28 82
28 36
28 91
28 94
28 61
28 38
28 93
28 83
28 60
28 63
28 30
28 72
28 39
28 52
29 46
29 36
29 94
29 51
29 93
29 95
29 62
29 39
29 54
29 89
29 33
29 78
30 46
30 78
30 45
30 90
30 80
30 57
30 34
30 37
31 90
31 67
31 82
31 81
31 71
31 38
31 96
31 73
31 63
31 95
31 72
32 61
32 38
32 51
32 60
32 62
32 65
32 74
32 64
32 54
32 76
32 43
32 33
32 46
32 98
33 70
33 69
33 59
33 81
33 94
33 48
33 61
34 94
34 48
34 38
34 60
34 96
34 63
34 72
34 85
34 62
34 74
34 41
34 54
35 63
35 95
35 85
35 62
35 52
35 42
35 97
35 74
35 87
35 41
35 89
35 88
35 65
35 90
35 70
35 47
35 37
35 69
35 46
35 82
36 53
36 66
36 43
36 98
36 88
36 55
36 68
36 45
36 58
36 67
36 57
36 47
36 37
36 92
36 39
36 91
36 81
37 53
37 66
37 98
37 65
37 72
37 75
37 84
37 51
37 87
37 64
38 97
38 64
38 96
38 43
38 56
38 98
38 77
38 67
38 47
38 59
38 49
38 81
38 94
38 71
38 48
38 83
38 60
39 74
39 64
39 77
39 76
39 66
39 43
39 79
39 56
39 78
39 91
39 45
39 58
39 70
39 69
39 82
39 59
40 41
40 54
40 86
40 43
40 87
41 97
41 74
41 64
41 76
41 43
41 56
41 68
41 80
41 47
41 79
41 69
41 46
41 82
41 59
41 81
41 94
41 61
41 93
41 73
41 95
42 61
42 73
42 85
42 62
42 75
42 97
42 54
42 96
42 43
42 55
43 44
43 56
43 78
43 90
43 67
43 57
43 70
43 47
43 69
44 69
44 91
44 81
44 94
44 48
45 48
45 51
45 83
45 60
45 50
45 75
45 52
45 97
45 87
45 77
45 54
45 76
45 56
45 98
45 55
46 98
46 90
46 79
46 69
46 82
46 49
46 91
46 71
47 57
47 92
47 82
47 49
47 85
47 62
47 75
47 87
47 76
47 78
47 68
47 58
47 67
48 90
48 80
48 57
48 92
48 77
48 86
48 89
48 79
48 56
48 88
48 78
48 55
48 91
49 93
49 95
49 62
49 75
49 52
49 84
49 86
49 76
51 76
51 89
52 83
52 73
52 63
52 85
52 75
52 97
52 87
52 64
52 77
52 54
52 53
52 89
52 56
52 91
52 68
52 58
52 80
52 82
52 81
53 76
53 89
53 56
53 88
53 91
53 90
53 67
54 97
54 74
54 60
54 95
54 62
54 75
55 61
55 96
55 86
55 85
55 98
55 75
55 65
57 74
57 64
57 77
57 88
57 78
57 91
57 58
57 80
57 92
57 69
57 72
57 81
57 61
57 93
57 83
57 60
57 96
59 68
59 67
64 93
64 86
64 98
64 65
64 97
64 74
66 97
66 74
66 86
66 89
66 98
66 88
66 82
67 94
67 71
67 84
67 93
67 73
67 85
67 75
67 97
67 86
67 76
67 89
67 98
67 78
67 90
67 80
67 70
67 79
67 92
68 83
68 73
68 75
68 77
68 76
68 79
68 88
68 70
68 81
68 94
68 84
69 81
69 71
69 93
69 83
69 96
69 73
69 86
69 87
69 77
69 89
69 88
69 78
69 70
69 92
69 72
70 88
70 78
70 80
70 79
70 82
70 91
70 71
70 96
72 89
72 81
72 80
72 93
72 92
73 76
73 90
73 79
73 81
73 94
73 93
73 83
73 96
73 85
73 98
74 75
74 87
74 86
74 76
74 79
74 78
74 80
74 84
74 93
76 80
76 93
76 95
77 85
77 97
77 87
77 88
77 93
77 83
77 96
77 86
77 95
78 90
78 79
78 81
78 84
78 93
78 85
78 97
78 86
81 91
81 90
81 92
81 82
81 94
81 96
81 95
81 97
81 87
81 88
82 95
82 85
82 86
83 84
83 95
83 85
83 86
83 89
83 88
83 91
83 90
83 92
84 94
84 93
84 95
84 85
84 87
84 91
84 90
85 97
85 88
85 91
85 90
85 92
85 94
86 98
86 88
86 91
95 98
95 97
98 99
